%YAML:1.0
---
K1: !!opencv-matrix
   rows: 3
   cols: 3
   dt: d
   data: [162.7624, 0., 77.1472, 0., 164.3447, 65.5238, 0., 0., 1.]

D1: !!opencv-matrix
   rows: 1
   cols: 5
   dt: d
   data: [-0.412, 0.6954, 0.001, 0.0018, -1.1657]

K2: !!opencv-matrix
   rows: 3
   cols: 3
   dt: d
   data: [166.3684, 0., 81.9743, 0., 168.7246, 56.4910, 0., 0., 1.]

D2: !!opencv-matrix
   rows: 1
   cols: 5
   dt: d
   data: [-0.3543, 0.3068, -0.0055, -5.2402e-4, 0.1493]

R: !!opencv-matrix
   rows: 3
   cols: 3
   dt: d
   data: [1., 0., 0., 0., 1., 0., 0., 0., 1.]

T: !!opencv-matrix
   rows: 3
   cols: 1
   dt: d
   data: [67.8842, -1.4597, 2.0343]

E: !!opencv-matrix
   rows: 3
   cols: 3
   dt: d
   data: [0.0413, -2.0972, -1.3672, 0.3122, 3.0237, 67.8466, 1.6024, -67.8121, 3.0586]

F: !!opencv-matrix
   rows: 3
   cols: 3
   dt: d
   data: [1.52, -7.6354e-5, -0.0042, 1.1421e-5, 1.0907e-4, 0.4057, 0.0088, -0.4037, -1.2911]

R1: !!opencv-matrix
   rows: 3
   cols: 3
   dt: d
   data: [9.99320491e-01, -2.14881831e-02,  2.99468459e-02, 2.14881831e-02,  9.99769051e-01,  3.21861008e-04, -2.99468459e-02, 3.21861008e-04, 9.99551441e-01]

R2: !!opencv-matrix
   rows: 3
   cols: 3
   dt: d
   data: [9.99320491e-01, -2.14881831e-02,  2.99468459e-02, 2.14881831e-02,  9.99769051e-01,  3.21861008e-04, -2.99468459e-02,  3.21861008e-04, 9.99551441e-01]


P1: !!opencv-matrix
   rows: 3
   cols: 4
   dt: d
   data: [97.64181029, 0., 80.34803486,  0., 0., 97.64181029, 64.35753107, 0., 0., 0., 1., 0.]

P2: !!opencv-matrix
   rows: 3
   cols: 4
   dt: d
   data: [9.76418103e+01, 0., 8.03480349e+01, 6.63284325e+03, 0. , 9.76418103e+01, 6.43575311e+01, 0., 0. , 0. ,1. , 0.]

Q: !!opencv-matrix
   rows: 4
   cols: 4
   dt: d
   data: [1. ,  0.,  0., -8.03480349e+01, 0.,  1.,  0., -6.43575311e+01, 0.,  0.,  0.,  9.76418103e+01, 0.,  0., -1.47209585e-02,  0.]
